0.0 0.0 0.0
0.01 0.07071067811865475 0.07022067811865475
0.02 0.1414213562373095 0.13946135623730951
0.03 0.21213203435596426 0.20772203435596423
0.04 0.282842712474619 0.275002712474619
0.05 0.3535533905932738 0.34130339059327375
0.06 0.4242640687119285 0.40662406871192847
0.07 0.49497474683058335 0.4709647468305833
0.08 0.565685424949238 0.534325424949238
0.09 0.6363961030678927 0.5967061030678927
0.1 0.7071067811865476 0.6581067811865474
0.11 0.7778174593052023 0.7185274593052022
0.12 0.848528137423857 0.777968137423857
0.13 0.9192388155425119 0.8364288155425117
0.14 0.9899494936611667 0.8939094936611666
0.15 1.0606601717798212 0.9504101717798212
0.16 1.131370849898476 1.005930849898476
0.17 1.2020815280171309 1.0604715280171308
0.18 1.2727922061357855 1.1140322061357855
0.19 1.3435028842544403 1.16661288425444
0.2 1.4142135623730951 1.2182135623730947
0.21 1.4849242404917498 1.2688342404917496
0.22 1.5556349186104046 1.3184749186104043
0.23 1.6263455967290594 1.3671355967290593
0.24 1.697056274847714 1.4148162748477138
0.25 1.7677669529663689 1.4615169529663685
0.26 1.8384776310850237 1.5072376310850235
0.27 1.9091883092036785 1.5519783092036783
0.28 1.9798989873223334 1.595738987322333
0.29 2.0506096654409878 1.6385196654409873
0.3 2.1213203435596424 1.6803203435596423
0.31 2.1920310216782974 1.721141021678297
0.32 2.262741699796952 1.760981699796952
0.33 2.333452377915607 1.7998423779156065
0.34 2.4041630560342617 1.8377230560342617
0.35000000000000003 2.474873734152917 1.8746237341529162
0.36 2.545584412271571 1.910544412271571
0.37 2.616295090390226 1.9454850903902257
0.38 2.6870057685088806 1.9794457685088802
0.39 2.7577164466275357 2.012426446627535
0.4 2.8284271247461903 2.0444271247461896
0.41000000000000003 2.8991378028648453 2.075447802864845
0.42 2.9698484809834995 2.105488480983499
0.43 3.0405591591021546 2.1345491591021544
0.44 3.111269837220809 2.1626298372208086
0.45 3.1819805153394642 2.1897305153394635
0.46 3.252691193458119 2.215851193458118
0.47000000000000003 3.3234018715767735 2.240991871576773
0.48 3.394112549695428 2.2651525496954275
0.49 3.464823227814083 2.288333227814083
0.5 3.5355339059327378 2.310533905932737
0.51 3.6062445840513924 2.331754584051392
0.52 3.6769552621700474 2.351995262170047
0.53 3.747665940288702 2.3712559402887012
0.54 3.818376618407357 2.389536618407356
0.55 3.8890872965260117 2.406837296526011
0.56 3.9597979746446668 2.423157974644666
0.5700000000000001 4.030508652763322 2.4384986527633203
0.58 4.1012193308819755 2.4528593308819744
0.59 4.17193000900063 2.4662400090006305
0.6 4.242640687119285 2.4786406871192845
0.61 4.31335136523794 2.4900613652379393
0.62 4.384062043356595 2.500502043356594
0.63 4.4547727214752495 2.5099627214752482
0.64 4.525483399593904 2.5184433995939037
0.65 4.59619407771256 2.5259440777125586
0.66 4.666904755831214 2.5324647558312128
0.67 4.737615433949869 2.538005433949867
0.68 4.8083261120685235 2.542566112068523
0.6900000000000001 4.879036790187178 2.5461467901871777
0.7000000000000001 4.949747468305834 2.548747468305832
0.71 5.020458146424487 2.550368146424486
0.72 5.091168824543142 2.5510088245431417
0.73 5.161879502661797 2.5506695026617967
0.74 5.232590180780452 2.549350180780451
0.75 5.303300858899107 2.5470508588991057
0.76 5.374011537017761 2.54377153701776
0.77 5.444722215136416 2.5395122151364156
0.78 5.515432893255071 2.53427289325507
0.79 5.586143571373726 2.528053571373724
0.8 5.656854249492381 2.5208542494923787
0.81 5.727564927611035 2.5126749276110343
0.8200000000000001 5.798275605729691 2.5035156057296892
0.8300000000000001 5.868986283848345 2.493376283848344
0.84 5.939696961966999 2.4822569619669985
0.85 6.010407640085654 2.4701576400856537
0.86 6.081118318204309 2.4570783182043083
0.87 6.151828996322964 2.4430189963229627
0.88 6.222539674441618 2.4279796744416173
0.89 6.293250352560273 2.4119603525602717
0.9 6.3639610306789285 2.394961030678927
0.91 6.434671708797583 2.3769817087975813
0.92 6.505382386916238 2.358022386916236
0.93 6.576093065034892 2.3380830650348905
0.9400000000000001 6.646803743153547 2.3171637431535457
0.9500000000000001 6.717514421272202 2.2952644212722007
0.96 6.788225099390856 2.2723850993908554
0.97 6.858935777509511 2.24852577750951
0.98 6.929646455628166 2.2236864556281652
0.99 7.000357133746821 2.1978671337468194
1.0 7.0710678118654755 2.1710678118654743
1.01 7.14177848998413 2.143288489984129
1.02 7.212489168102785 2.1145291681027834
1.03 7.28319984622144 2.0847898462214394
1.04 7.353910524340095 2.0540705243400934
1.05 7.4246212024587495 2.022371202458748
1.06 7.495331880577404 1.9896918805774018
1.07 7.56604255869606 1.9560325586960579
1.08 7.636753236814714 1.921393236814712
1.09 7.707463914933369 1.8857739149333668
1.1 7.778174593052023 1.8491745930520214
1.11 7.848885271170679 1.8115952711706758
1.12 7.9195959492893335 1.7730359492893317
1.1300000000000001 7.990306627407988 1.7334966274079848
1.1400000000000001 8.061017305526644 1.6929773055266395
1.1500000000000001 8.131727983645298 1.6514779836452949
1.16 8.202438661763951 1.6089986617639491
1.17 8.273149339882606 1.565539339882604
1.18 8.34386001800126 1.5211000180012606
1.19 8.414570696119915 1.4756806961199151
1.2 8.48528137423857 1.4292813742385695
1.21 8.555992052357226 1.3819020523572236
1.22 8.62670273047588 1.3335427304758785
1.23 8.697413408594535 1.284203408594533
1.24 8.76812408671319 1.2338840867131875
1.25 8.838834764831844 1.1825847648318417
1.26 8.909545442950499 1.1303054429504957
1.27 8.980256121069154 1.077046121069153
1.28 9.050966799187808 1.0228067991878067
1.29 9.121677477306463 0.967587477306461
1.3 9.19238815542512 0.9113881554251169
1.31 9.263098833543774 0.8542088335437708
1.32 9.333809511662428 0.7960495116624244
1.33 9.404520189781083 0.7369101897810797
1.34 9.475230867899738 0.676790867899733
1.35 9.545941546018392 0.6156915460183896
1.36 9.616652224137047 0.5536122241370443
1.37 9.687362902255702 0.4905529022557005
1.3800000000000001 9.758073580374356 0.4265135803743547
1.3900000000000001 9.828784258493013 0.36149425849300876
1.4000000000000001 9.899494936611667 0.2954949366116626
1.41 9.97020561473032 0.228515614730318
1.42 10.040916292848975 0.16055629284897144
1.43 10.11162697096763 0.09161697096762822
1.44 10.182337649086284 0.021697649086283022
